11067667
11067681
13845155
14184193
14263303
16595820
16613615
2669743
3107677
6239291
6239303
6239321
6320755
6627998
6676508
6676528
6774348
11407294
11625269
11641767
11641784
14178807
14190191
14197871
14199675
14206637
14207600
16530134
3009221
3009225
3061889
6023625
6079822
6088395
6173745
6292062
13837693
6079837
6320745
11012453
14106588
14242201
3032779
6079803
6080041
6123471
6227231
6230107
6676402
13956489
6080058
6320720
6320726
6676488
13947729
6676449
6676474
13923434
6722351
13941240
3351642
3046265
6291996
6292009
6292023
6292030
6292047
13934045
6676550
6722387
3009217
3592062
6232277
6320710
6668330
6771496
6280188
11626889
16579098
6023622
13866441
14242220
6877008
6877013
3009219
6229376
6204957
6320657
8716332
14242174
3083151
6320651
6239263
14032973
14242184
6831393
6419292
6676415
6515075
6877019
14263270
6514699
6183636
6320762
11259715
11259740
2669742
6774344
10980068
11221205
14171820
6484727
5832978
5654361
16564144
6099519
6562056
11219874
11018548
6687148
14206615
6711971
13827586
11217989
13948444
13634582
14171810
11018541
3421204
6514679
6211396
10980074
10981135
6211751
11251590
6120876
1053221
3329352
14171824
6567319
16560902
