13812583
13872545
13899924
14369482
16605204
3090573
6315419
6847168
11049932
11408563
11408587
11408592
11447888
11459912
11459920
11465069
13954534
2965717
3172759
3311496
6847159
6847188
6847203
11086072
14365847
14369490
6847210
14365832
14365880
14365978
14369552
10998336
11101820
13863136
14369454
14369461
14369541
13889124
8866596
11088110
11094857
6847178
6847194
13952329
14365938
3023139
11459924
6847123
6847145
6847152
11459890
14369511
11180665
11225869
3352430
6194714
14277901
8866589
8866593
11459844
11094841
14365957
11057506
10998322
10998360
8867081
14348083
14017136
14022431
6187917
11459904
11459859
11220076
11464556
14365921
13919576
13919584
14365803
14366002
11094535
11090318
6415668
6415669
6415671
14365868
11187354
8867088
8866583
