11402546
11402632
11402647
13891834
13989285
13989307
14072839
14072846
14146796
14277503
14283326
6401678
6401690
6401700
6401709
6401716
6401727
6401752
6401742
6401771
6401776
6401764
14082409
14211390
14275353
14277512
14283250
14283260
16658685
6394980
6810338
6832560
13989250
14146817
14437457
6344117
6926374
14256487
14100647
6364573
13989262
14146773
14283316
1477382
14387112
1477384
6394944
8895229
14253066
11347505
6709902
14387099
16658689
13798628
13798639
13798699
13822228
13896343
11440639
3444098
6469658
6394956
11558858
1477389
6406405
6592828
14437437
14200302
14200320
14211557
14039694
16563618
6885704
