13988860
14571712
6209551
6209560
6514852
6596320
6635807
6645771
6645779
887441
887442
887443
887449
887450
887451
8895319
8897882
6564721
6635822
6639548
11336710
13988903
11477917
11480932
14198010
3262500
10811540
10981585
11156238
11202369
11246098
11262690
11262858
11262867
11263124
11394785
11404033
11482995
11600064
14039318
14039580
14039584
2961113
3205143
5474319
6305730
6564665
6656536
6724299
6733136
8730288
8866616
8866620
8866625
8866638
8866661
9029980
9029990
9030001
11392504
14170494
11520432
11520476
3014685
8867108
8867137
6063031
900855
10926892
10954115
11478019
11479901
13756523
14193975
14198049
14198072
14198094
14198122
16524199
16524200
16524215
2284899
6514783
10926928
13756545
14036845
14198023
14198086
14197985
14198063
14300449
6209554
14193927
14198112
6514822
6514867
11274363
6526246
11487074
14300463
10954079
3262704
6168823
6168845
13996746
886372
11263829
11336678
11336696
3206555
14132615
14132619
14144945
6318510
14514066
7793825
6330138
3236052
6564718
13995895
14249042
16525389
3131977
6330142
6768512
6768516
11240388
5225574
14249028
14249122
8713648
14277020
14313672
3131975
3131979
14249038
3357562
14057596
6330106
6330128
11404089
14335921
6117793
6315020
6731857
11625911
8996090
6330088
6757330
6757351
8996126
14054438
11067735
11067739
13996765
6515127
13988874
13996755
11431723
14011895
14064155
14132627
14039807
2284874
8867131
6668263
14132596
11461919
11156213
6307115
11419450
14063821
6178253
6473526
6473535
6722810
6722915
6722942
6723103
8698372
8947539
8947540
14132702
3357598
10981554
11156257
8947491
11155594
11155601
6473511
14039573
3452564
14039576
6473510
14083909
8947469
6518945
11580898
8719206
11580912
8842216
11404137
900854
11458703
5753406
6563391
11394296
8853684
11395673
14032942
6725049
11600080
10943538
11133666
886365
14034954
10943524
14032931
11401266
11385387
14033561
14032951
11453657
3357590
14400408
14400418
3842172
11395664
6656244
14060286
14060290
14060309
11232359
14046809
6244319
6244331
11566979
14039311
8866655
11458626
14046797
14261169
16586680
16594109
16608226
6687314
6687329
6722890
6722899
8866657
10926301
6722819
11458643
16628645
6564689
6656431
919187
16669488
10953589
11198396
6204469
10953573
3733947
9043335
10953611
6101263
6077668
6507988
14009863
6564678
14034483
14034491
6333228
8975708
5944315
14223785
6564578
6564584
6564600
6564536
6550280
16597979
14035521
14143062
14143078
5753425
6657064
6758734
886370
8939424
14215063
14143095
14212195
2284910
886368
14045595
11390693
16631914
10953562
3357597
14011921
14195624
3544418
6635844
14176302
3375372
11284170
6681826
10957925
13989295
11231159
11395408
10943547
3562882
3562883
14176361
16682625
10952694
3357552
14132711
14157866
14334594
4957878
6755935
886367
6440653
6473532
6584695
6768413
14045457
11221322
10954216
11625894
10236298
10581161
12339699
12989057
13020563
13130956
13388973
14549725
14896030
4382597
4738045
4834630
4834657
4875018
5060679
5108817
8149301
867493
867503
10330924
10337267
13120283
13389004
14596402
15628445
1579811
4484515
4740990
7239638
740189
15096445
7529564
10323151
10480583
10546759
10558679
1413776
14180224
14180249
14180258
14185621
14632308
15096455
15175625
15399562
15947416
1718291
