11527033
11551511
11629677
14191946
14241396
16678237
5695947
6122871
6298305
6307034
6307048
6307138
6307167
6690175
6918444
8827118
9144659
14191916
14241367
11077285
11385036
11629657
14018982
14105794
6078940
6307198
6531992
9014028
14063711
14241430
3464110
3765887
6128264
6240711
6306971
6307019
6307184
9025205
14063720
14241346
14241438
16633437
6136930
6307098
6531923
6649745
6690189
9196887
9196898
9196909
11513511
14286832
3047633
3785554
6298144
6306952
6320125
6690116
11278116
11453318
11469755
11629617
14105782
11513570
11629652
6307150
6307173
6464208
6499007
8696161
915090
915091
6531958
6532020
11236874
14236585
6307130
11469675
14286854
14105768
2872317
6853558
11173830
6109613
6595992
9158073
6690206
6159865
6307073
16638793
9158116
6386258
6307061
11385055
11385065
6294511
6727396
11252210
11513553
11629628
11453370
6353774
6805861
3237119
6566608
6569006
6569026
11513537
11198179
6240537
6240543
16673107
11181065
6650029
6307209
14152690
11384892
3171161
6205999
16638777
6686042
11198127
