11218518
14009642
14009651
14009657
14009666
14009669
14009673
14009676
14153716
14218156
2866011
2883013
3353092
6183144
6183153
6548175
6599270
6599281
6649642
6900670
6900716
6900760
11270767
11634759
14218136
2872377
3235043
6548186
6548196
6900662
6900690
6900698
6900708
14218116
14236076
6183536
6183543
14218144
14218162
6649624
11270743
14153708
6157224
6548220
11604034
11604040
14035128
14035316
14072125
14146308
14172520
2872375
2893901
2936029
3503902
6157359
6548179
6599285
6744761
11591511
6304206
6548213
12906401
6157331
6183527
6649697
2920179
6649661
14218099
6156267
6599274
6183550
11569125
12978534
6166404
11634773
11634795
6649654
6649675
11551058
11604023
2872373
11604054
6166378
6155879
6166361
14218110
12906348
11634743
11634734
6157195
6183122
14218127
6649632
11634722
11604029
6371707
11535589
7543182
11551065
6782901
6167451
6155860
6166395
6188238
6183522
16591036
